0 49 columbus POLYID
1 2         0.58492032
1 3        0.627052075
1 4        0.721401762
1 8        0.947682871
1 5        0.966087429
1 7         1.24369281
1 11         1.36834409
1 6         1.37130732
1 12         1.39925978
1 13          1.4119082
2 4        0.286002201
2 8        0.499210045
2 1         0.58492032
2 7        0.708279747
2 3        0.748200702
2 5        0.957360486
2 13        0.979814226
2 12         1.05064189
2 11         1.06124464
2 14         1.10582131
3 5        0.344922989
3 4         0.61634535
3 1        0.627052075
3 8        0.720990989
3 2        0.748200702
3 11        0.874352577
3 6        0.878583471
3 12        0.938724094
3 15         1.03599139
3 13         1.04026809
4 8        0.234714299
4 2        0.286002201
4 7         0.52819446
4 3         0.61634535
4 13        0.718536078
4 1        0.721401762
4 5        0.736532836
4 12        0.768316691
4 11        0.775538455
4 14        0.843466105
5 3        0.344922989
5 11        0.629549678
5 15        0.698905108
5 12        0.716799683
5 8        0.730287695
5 4        0.736532836
5 9        0.750403519
5 6        0.782898628
5 13        0.879411863
5 16         0.90710565
6 9        0.665726439
6 10         0.68230255
6 5        0.782898628
6 3        0.878583471
6 22          1.0375202
6 17         1.05365121
6 15         1.14211971
6 26         1.20303239
6 20         1.29158892
6 11         1.33134695
7 8        0.342349174
7 13        0.406760024
7 14        0.511621633
7 4         0.52819446
7 12        0.602794448
7 11        0.678548299
7 2        0.708279747
7 19        0.736591812
7 16        0.922770739
7 18        0.940155846
8 4        0.234714299
8 7        0.342349174
8 13        0.485111591
8 2        0.499210045
8 12        0.558619822
8 11        0.584629291
8 14         0.61061694
8 3        0.720990989
8 5        0.730287695
8 19        0.873182476
9 22        0.387835936
9 26        0.548879495
9 15        0.606046326
9 6        0.665726439
9 27        0.738757892
9 5        0.750403519
9 20        0.809859912
9 10        0.834485791
9 25        0.889050563
9 28        0.926990201
10 17        0.419382185
10 6         0.68230255
10 23        0.737671151
10 9        0.834485791
10 20        0.934006217
10 22         1.01562784
10 27         1.12548781
10 26         1.31592603
10 33         1.33326667
10 32         1.33356322
11 12        0.104166955
11 13        0.331029033
11 14        0.343390873
11 16        0.354508455
11 15        0.459496937
11 19        0.512910225
11 18        0.534664138
11 8        0.584629291
11 5        0.629549678
11 25        0.636147508
12 11        0.104166955
12 13        0.231629341
12 14        0.240326879
12 16        0.357547149
12 19        0.431363033
12 18        0.492136711
12 15        0.540882797
12 8        0.558619822
12 7        0.602794448
12 24        0.617648367
13 14        0.126007628
13 12        0.231629341
13 11        0.331029033
13 19        0.388071146
13 7        0.406760024
13 8        0.485111591
13 16        0.516468411
13 18        0.552072867
13 24        0.654658617
13 4        0.718536078
14 13        0.126007628
14 12        0.240326879
14 19        0.263027639
14 11        0.343390873
14 16        0.431070454
14 18        0.431885509
14 7        0.511621633
14 24        0.530080028
14 8         0.61061694
14 15        0.730805001
15 26        0.364309155
15 25        0.372149507
15 16        0.382675922
15 11        0.459496937
15 12        0.540882797
15 9        0.606046326
15 22        0.616791214
15 18        0.620273843
15 29        0.673114205
15 5        0.698905108
16 18        0.247863211
16 25        0.322235752
16 11        0.354508455
16 12        0.357547149
16 24        0.368719166
16 15        0.382675922
16 19        0.384717455
16 14        0.431070454
16 13        0.516468411
16 26        0.634896451
17 23        0.321214086
17 10        0.419382185
17 20        0.669255172
17 32        0.914228332
17 27        0.935939025
17 9        0.960545659
17 22        0.976472817
17 6         1.05365121
17 33         1.07364289
17 40         1.16648035
18 24        0.130101595
18 19        0.236588745
18 16        0.247863211
18 25        0.425768196
18 14        0.431885509
18 12        0.492136711
18 11        0.534664138
18 30         0.55158746
18 13        0.552072867
18 15        0.620273843
19 18        0.236588745
19 14        0.263027639
19 24        0.292080333
19 16        0.384717455
19 13        0.388071146
19 12        0.431363033
19 11        0.512910225
19 21        0.586991609
19 25        0.646753084
19 7        0.736591812
20 27        0.302826041
20 33        0.407923116
20 35        0.540503801
20 22        0.554159349
20 23        0.657669422
20 17        0.669255172
20 9        0.809859912
20 28         0.82162567
20 40        0.831886576
20 26        0.844280128
21 24        0.553123936
21 19        0.586991609
21 18         0.65053756
21 34        0.760126146
21 30        0.791188994
21 14        0.817964203
21 16        0.895209994
21 13        0.926790848
21 31         1.01248954
21 12         1.01751002
22 26        0.331969322
22 27        0.379238754
22 9        0.387835936
22 20        0.554159349
22 28        0.572926847
22 15        0.616791214
22 33        0.653172865
22 25        0.732240191
22 35        0.737521525
22 29        0.764945258
23 17        0.321214086
23 32        0.602567958
23 20        0.657669422
23 10        0.737671151
23 40        0.901429971
23 41        0.954000431
23 27        0.959391159
23 33         1.01202201
23 22         1.11426214
23 35         1.13277202
24 18        0.130101595
24 19        0.292080333
24 16        0.368719166
24 30        0.467409162
24 25        0.475127313
24 14        0.530080028
24 21        0.553123936
24 12        0.617648367
24 29        0.649432651
24 13        0.654658617
25 16        0.322235752
25 29         0.34566772
25 15        0.372149507
25 26        0.400465146
25 18        0.425768196
25 24        0.475127313
25 30        0.501283602
25 28        0.554382448
25 11        0.636147508
25 19        0.646753084
26 22        0.331969322
26 15        0.364309155
26 25        0.400465146
26 28         0.43950645
26 29        0.497038993
26 9        0.548879495
26 27        0.590736576
26 16        0.634896451
26 38        0.788853912
26 33        0.805808721
27 33        0.280817985
27 20        0.302826041
27 22        0.379238754
27 35        0.385908787
27 28         0.51971367
27 26        0.590736576
27 9        0.738757892
27 38        0.774287921
27 29        0.818251446
27 44        0.844202891
28 29        0.315667092
28 38         0.35907928
28 26         0.43950645
28 27         0.51971367
28 37        0.525312283
28 35        0.541157505
28 25        0.554382448
28 33        0.572352865
28 22        0.572926847
28 43         0.57424448
29 28        0.315667092
29 25         0.34566772
29 30        0.362698201
29 37        0.437883681
29 38           0.441642
29 26        0.497038993
29 43        0.644879945
29 24        0.649432651
29 16        0.651132003
29 18        0.665439613
30 29        0.362698201
30 37        0.459380542
30 24        0.467409162
30 25        0.501283602
30 18         0.55158746
30 38        0.629574255
30 28        0.663738643
30 16        0.674113692
30 43        0.757580412
30 19        0.759240162
31 36        0.385250325
31 34        0.578769806
31 42        0.640830676
31 46        0.822509103
31 39        0.968138448
31 21         1.01248954
31 19         1.53911515
31 24         1.56502027
31 18         1.65499579
31 14         1.70332842
32 41        0.353475077
32 40        0.414528653
32 23        0.602567958
32 47        0.738302888
32 20        0.849710039
32 17        0.914228332
32 33        0.989446755
32 35         1.06010074
32 27         1.10165203
32 10         1.33356322
33 35        0.132688503
33 27        0.280817985
33 20        0.407923116
33 28        0.572352865
33 44        0.604438353
33 22        0.653172865
33 38        0.692404109
33 40        0.784304099
33 43        0.787999035
33 26        0.805808721
34 42        0.463292196
34 31        0.578769806
34 36        0.599033432
34 21        0.760126146
34 46         1.00586486
34 39         1.23502641
34 24         1.26598371
34 30         1.29644201
34 19          1.3469647
34 18         1.38253217
35 33        0.132688503
35 27        0.385908787
35 44        0.473209811
35 20        0.540503801
35 28        0.541157505
35 38         0.59459422
35 43        0.668039784
35 22        0.737521525
35 49        0.763907867
35 48        0.789900924
36 42        0.359592794
36 31        0.385250325
36 46        0.465258526
36 34        0.599033432
36 39        0.659529907
36 21         1.25931578
36 24         1.80436525
36 19         1.82716209
36 30         1.88866133
36 18         1.90904936
37 38        0.251847957
37 43        0.302415716
37 29        0.437883681
37 30        0.459380542
37 45        0.485153839
37 28        0.525312283
37 48        0.530458546
37 44        0.701275428
37 49        0.716039773
37 25        0.771052515
38 43        0.220998902
38 37        0.251847957
38 28         0.35907928
38 29           0.441642
38 48        0.486873804
38 44        0.514964935
38 35         0.59459422
38 45         0.60539996
38 49        0.623233209
38 30        0.629574255
39 46        0.249461038
39 36        0.659529907
39 42         0.83931328
39 31        0.968138448
39 34         1.23502641
39 21         1.91832185
39 24         2.46385257
39 19         2.48144121
39 30         2.53133029
39 18         2.56838234
40 41        0.410232697
40 32        0.414528653
40 47        0.592211843
40 33        0.784304099
40 35        0.807625291
40 20        0.831886576
40 23        0.901429971
40 44        0.972159561
40 27        0.988124495
40 17         1.16648035
41 32        0.353475077
41 47        0.396534649
41 40        0.410232697
41 23        0.954000431
41 20         1.13523594
41 33         1.17463325
41 35         1.21122949
41 17         1.26758381
41 27         1.34590631
41 44          1.3706881
42 36        0.359592794
42 34        0.463292196
42 46        0.592705756
42 31        0.640830676
42 39         0.83931328
42 21         1.22083396
42 30         1.72379036
42 24         1.72776086
42 19         1.80774363
42 18         1.84537618
43 38        0.220998902
43 48        0.268316953
43 37        0.302415716
43 44        0.408637827
43 45        0.425464575
43 49        0.426346603
43 28         0.57424448
43 29        0.644879945
43 35        0.668039784
43 30        0.757580412
44 49        0.292942584
44 48        0.371711454
44 43        0.408637827
44 35        0.473209811
44 38        0.514964935
44 33        0.604438353
44 37        0.701275428
44 45        0.713262951
44 28        0.735901997
44 27        0.844202891
45 48        0.348905649
45 43        0.425464575
45 37        0.485153839
45 49        0.527498744
45 38         0.60539996
45 44        0.713262951
45 30        0.863347062
45 29        0.923035019
45 28        0.959442214
45 35         1.08077217
46 39        0.249461038
46 36        0.465258526
46 42        0.592705756
46 31        0.822509103
46 34         1.00586486
46 21         1.71527025
46 24         2.25340089
46 19         2.28898438
46 30         2.29892047
46 18         2.36217009
47 41        0.396534649
47 40        0.592211843
47 32        0.738302888
47 23         1.34042147
47 35         1.35565241
47 33         1.35640198
47 44         1.37920411
47 20         1.41960403
47 49         1.51260198
47 27         1.57740452
48 49        0.202668537
48 43        0.268316953
48 45        0.348905649
48 44        0.371711454
48 38        0.486873804
48 37        0.530458546
48 35        0.789900924
48 28         0.82927251
48 29        0.911619249
48 33        0.921283309
49 48        0.202668537
49 44        0.292942584
49 43        0.426346603
49 45        0.527498744
49 38        0.623233209
49 37        0.716039773
49 35        0.763907867
49 33        0.895940541
49 28        0.930931923
49 29         1.06332454
